$$$$HEADER
$$$CO2
$$PARAM
27
DESCRIPTION
Fluid by Maximov
NAME
$$$CO2
INDEX
$$$CO2
MODEL
3
UNITS
1
PMIN_SUPERHEAT
103421.1035156
PMAX_SUPERHEAT
137894.8046875
TMIN_SUPERHEAT
388.8888992
TMAX_SUPERHEAT
400.0000106
TMIN_SATURATION
388.8888992
TMAX_SATURATION
388.8888992
SUPERCOOLING
0
P_CRITICAL
7377300.0
P_TRIPLE
517964.3433562269
T_CRITICAL
304.1282
T_TRIPLE
216.592
GAS_CONSTANT
188.92405782348476
TABLE_1
2 2
TABLE_2
2 2
TABLE_3
2 2
TABLE_4
2 2
TABLE_5
2 2
TABLE_6
2 2
TABLE_7
2 2
TABLE_8
2 2
TABLE_9
2 2
$$SUPER_TABLE
2 4 9
$TABLE_1
2 2
388.8888992 400.0000106 
103421.1035156 137894.8046875 
586836.8340106446 597250.9950748819 586654.003849418 597078.3858418756 
216.592 216.592 
430416.167646017 430416.167646017 
$TABLE_2
2 2
388.8888992 400.0000106 
103421.1035156 137894.8046875 
303.31961575410077 307.26943299231624 303.2088871164235 307.16989425042516 
216.592 216.592 
222.77619605438565 222.77619605438565 
$TABLE_3
2 2
388.8888992 400.0000106 
103421.1035156 137894.8046875 
0.7089263681329684 0.7293286156732397 0.5313258926516035 0.5466539609352303 
216.592 216.592 
0.0726697446683517 0.0726697446683517 
$TABLE_4
2 2
388.8888992 400.0000106 
103421.1035156 137894.8046875 
741.7302644485229 751.012086471027 742.0066834597891 751.258741500777 
216.592 216.592 
629.2048755288743 629.2048755288743 
$TABLE_5
2 2
388.8888992 400.0000106 
103421.1035156 137894.8046875 
932.6948182929759 941.8206525108599 933.656964573311 942.7000805829606 
216.592 216.592 
908.7158049299129 908.7158049299129 
$TABLE_6
2 2
388.8888992 400.0000106 
103421.1035156 137894.8046875 
-145581.15813523091 -141537.30678225952 -258810.78362496852 -251621.81581992723 
216.592 216.592 
-6507202.127615738 -6507202.127615738 
$TABLE_7
2 2
388.8888992 400.0000106 
103421.1035156 137894.8046875 
2969.6370678433054 2996.040308125615 2914.9476099845806 2941.37676966121 
216.592 216.592 
2139.018691615219 2139.018691615219 
$TABLE_8
2 2
388.8888992 400.0000106 
103421.1035156 137894.8046875 
1.9137243449028142e-05 1.9635476796489386e-05 1.9141987348151336e-05 1.9640252931992792e-05 
216.592 216.592 
1.0891702765471911e-05 1.0891702765471911e-05 
$TABLE_9
2 2
388.8888992 400.0000106 
103421.1035156 137894.8046875 
0.02381862288968603 0.024719323296144034 0.023834368458554425 0.024734764422692786 
216.592 216.592 
0.011116300493476452 0.011116300493476452 
